output
------																																																																																				
2011	CERTIFIED	307936	10.256174551074208
2011	CERTIFIED-WITHDRAWN	11596	0.38621856520269315
2011	DENIED	29130	0.9702092794372585
2011	WITHDRAWN	10105	0.3365590377175935
2012	CERTIFIED	352668	11.746026988004775
2012	CERTIFIED-WITHDRAWN	31118	1.0364219827507248
2012	DENIED	21096	0.7026273587026574
2012	WITHDRAWN	10725	0.3572088747670648
2013	CERTIFIED	382951	12.754638303116295
2013	CERTIFIED-WITHDRAWN	35432	1.180104881188498
2013	DENIED	12141	0.40437043809295425
2013	WITHDRAWN	11590	0.3860187280699563
2014	CERTIFIED	455144	15.159111990394495
2014	CERTIFIED-WITHDRAWN	36350	1.2106799624972315
2014	DENIED	11899	0.3963103404059025
2014	WITHDRAWN	16034	0.5340314310503605
2015	CERTIFIED	547278	18.227744388323515
2015	CERTIFIED-WITHDRAWN	41071	1.3679184797723187
2015	DENIED	10923	0.3638035001473799
2015	WITHDRAWN	19455	0.6479719028991372
2016	CERTIFIED	569646	18.97273721916638
2016	CERTIFIED-WITHDRAWN	47092	1.5684550424737171
2016	DENIED	9175	0.30558428214338645
2016	WITHDRAWN	21890	0.7290724726014964


